Index, Size, ZScore
0, 18000, 0.00
1, 22600, 0.00
2, 18586, 0.00
3, 9913, 0.00
4, 29590, 0.00
5, 8430, 0.00
6, 9598, 0.00
7, 8516, 0.00
8, 16446, 0.00
9, 12449, 0.00
10, 10128, -0.80
11, 19246, 0.66
12, 9965, -0.84
13, 17093, 0.35
14, 14886, -0.03
15, 16406, 0.24
16, 10960, -0.73
17, 19114, 0.76
18, 328, -2.68
19, 13956, -0.06
20, 4219, -1.64
21, 3926, -1.55
22, 2198, -1.71
23, 11555, -0.20
24, 5474, -1.10
25, 10920, -0.24
26, 4938, -1.15
27, 4738, -1.13
28, 13214, 0.19
29, 5602, -0.98
30, 670, -1.70
31, 5163, -0.90
32, 5131, -0.85
33, 5731, -0.70
34, 4722, -0.83
35, 4450, -0.89
36, 4721, -0.81
37, 5313, -0.66
38, 9210, 0.08
39, 13190, 0.88
40, 1781, -1.28
41, 3550, -0.87
42, 6697, -0.21
43, 7941, 0.05
44, 10396, 0.64
45, 7885, 0.15
46, 12199, 1.23
47, 10426, 0.80
48, 18212, 3.08
49, 5357, -0.47
50, 6769, -0.06
51, 13755, 1.72
52, 10443, 0.76
53, 18379, 2.72
54, 5960, -0.45
55, 9206, 0.30
56, 12544, 1.09
57, 6874, -0.29
58, 1938, -1.45
59, 19897, 2.79
60, 4279, -0.83
61, 11912, 0.75
62, 9631, 0.21
63, 11769, 0.65
64, 8205, -0.17
65, 6213, -0.63
66, 7677, -0.33
67, 14794, 1.25
68, 8005, -0.35
69, 8407, -0.25
70, 9883, 0.12
71, 7799, -0.44
72, 8227, -0.38
73, 8068, -0.44
74, 9914, 0.02
75, 10524, 0.17
76, 12289, 0.59
77, 2799, -1.76
78, 8105, -0.37
79, 8559, -0.19
80, 15293, 1.52
81, 8899, -0.20
82, 9432, -0.03
83, 15937, 1.65
84, 8122, -0.35
85, 16396, 1.87
86, 14882, 1.32
87, 14680, 1.22
88, 7129, -0.74
89, 12582, 0.62
90, 14023, 1.20
91, 20007, 2.98
92, 19644, 2.46
93, 13310, 0.59
94, 17271, 1.56
95, 3840, -1.80
96, 6677, -1.06
97, 4300, -1.60
98, 8387, -0.55
99, 1776, -2.06
100, 3185, -1.59
101, 22561, 2.50
102, 14324, 0.65
103, 7590, -0.66
104, 17485, 1.20
105, 15382, 0.74
106, 9585, -0.35
107, 21918, 1.91
108, 17046, 0.90
109, 21320, 1.61
110, 21372, 1.49
111, 21376, 1.41
112, 12965, -0.07
113, 17549, 0.67
114, 18526, 0.82
115, 21741, 1.29
116, 19426, 0.86
117, 18104, 0.62
118, 18242, 0.62
119, 22627, 1.27
120, 21153, 0.96
121, 15586, 0.05
122, 19864, 0.74
123, 22378, 1.13
124, 16079, 0.10
125, 17606, 0.34
126, 17544, 0.27
127, 17543, 0.22
128, 18349, 0.31
129, 10362, -1.26
130, 20285, 0.65
131, 17847, -0.00
132, 22109, 1.18
133, 5120, -3.42
134, 17872, -0.00
135, 7438, -2.61
136, 11396, -1.42
137, 14483, -0.75
138, 12470, -1.17
139, 22298, 1.15
140, 8122, -2.10
141, 11901, -1.08
142, 19040, 0.53
143, 22043, 1.15
144, 7123, -2.09
145, 7715, -1.77
146, 12738, -0.65
147, 5767, -1.96
148, 5970, -1.74
149, 7203, -1.38
150, 9185, -0.94
151, 7486, -1.19
152, 20410, 1.15
153, 11374, -0.43
154, 46943, 6.07
155, 6442, -0.99
156, 22002, 0.95
157, 12968, -0.16
158, 26518, 1.48
159, 25851, 1.33
160, 21878, 0.79
161, 18803, 0.43
162, 22473, 0.84
163, 1236, -1.56
164, 7997, -0.77
165, 8531, -0.66
166, 17066, 0.27
167, 13902, -0.10
168, 16363, 0.17
169, 18700, 0.42
170, 20326, 0.62
171, 18719, 0.39
172, 18718, 0.37
173, 32275, 1.89
174, 11094, -0.50
175, 9752, -0.66
176, 9142, -0.74
177, 6256, -1.03
178, 8469, -0.80
179, 12624, -0.36
180, 13362, -0.30
181, 27670, 1.27
182, 20520, 0.40
183, 10546, -0.70
184, 3935, -1.43
185, 28266, 1.71
186, 3572, -1.65
187, 17328, 0.22
188, 14738, -0.13
189, 21358, 0.79
190, 19385, 0.56
191, 23257, 1.10
192, 16755, 0.20
193, 10429, -0.63
194, 19720, 0.62
195, 19469, 0.54
196, 15289, -0.12
197, 17848, 0.26
198, 12728, -0.51
199, 15621, -0.07
200, 21862, 0.87
201, 15910, -0.02
202, 20279, 0.64
203, 18149, 0.32
204, 22462, 1.13
205, 15857, -0.01
206, 20879, 0.78
207, 20410, 0.65
208, 19543, 0.45
209, 22594, 0.95
210, 2127, -2.79
211, 14819, -0.40
212, 16409, -0.08
213, 14206, -0.43
214, 13771, -0.53
215, 22933, 1.09
216, 23090, 1.23
217, 11771, -1.33
218, 6969, -2.31
219, 17428, 0.05
220, 15450, -0.33
221, 18595, 0.34
222, 21192, 0.94
223, 12071, -1.02
224, 6732, -2.18
225, 15423, -0.22
226, 11528, -0.98
227, 16835, 0.11
228, 13802, -0.49
229, 15699, -0.12
230, 21106, 0.96
231, 23400, 1.43
232, 9327, -1.39
233, 15465, -0.13
234, 11106, -0.94
235, 13569, -0.41
236, 22856, 1.39
237, 17128, 0.28
238, 19089, 0.68
239, 7531, -1.54
240, 10170, -0.93
241, 23065, 1.63
242, 22729, 1.44
243, 20393, 0.90
244, 20614, 0.89
245, 20469, 0.81
246, 19864, 0.72
247, 20440, 0.88
248, 18513, 0.44
249, 13898, -0.60
250, 20647, 0.86
251, 18420, 0.34
252, 22127, 1.12
253, 22152, 1.11
254, 17375, 0.05
255, 20851, 0.76
256, 20630, 0.67
257, 22225, 0.98
258, 16289, -0.43
259, 5204, -3.02
260, 5234, -2.59
261, 39250, 4.09
262, 6355, -1.76
263, 2907, -2.22
264, 9390, -1.11
265, 5977, -1.56
266, 12590, -0.59
267, 2315, -1.92
268, 3068, -1.66
269, 3103, -1.53
270, 8516, -0.83
271, 22228, 0.80
272, 22302, 0.81
273, 8573, -0.81
274, 19644, 0.54
275, 20523, 0.65
276, 20391, 0.64
277, 19963, 0.58
278, 17943, 0.35
279, 21783, 0.80
280, 21608, 0.74
281, 8432, -0.80
282, 20438, 0.64
283, 19893, 0.58
284, 15773, 0.11
285, 15679, 0.11
286, 9765, -0.57
287, 17649, 0.41
288, 14970, 0.11
289, 11870, -0.26
290, 22472, 1.01
291, 8460, -0.79
292, 15018, 0.18
293, 6870, -1.09
294, 14060, -0.03
295, 11530, -0.45
296, 29599, 2.42
297, 4079, -1.64
298, 3009, -1.83
299, 2093, -1.97
300, 4161, -1.64
301, 3198, -1.71
302, 3997, -1.47
303, 4100, -1.35
304, 3301, -1.41
305, 3913, -1.23
306, 6446, -0.81
307, 16106, 0.54
308, 4383, -1.03
309, 3335, -1.11
310, 10426, -0.06
311, 7461, -0.44
312, 11987, 0.22
313, 15537, 0.79
314, 16696, 1.01
315, 20375, 1.56
316, 20354, 1.49
317, 20505, 1.41
318, 16073, 0.76
319, 17480, 0.95
320, 7349, -0.49
321, 15216, 0.69
322, 21720, 1.59
323, 7392, -0.48
324, 14692, 0.53
325, 22393, 1.59
326, 21833, 1.41
327, 19963, 1.28
328, 20242, 1.23
329, 14765, 0.38
330, 16375, 0.57
331, 21688, 1.31
332, 16735, 0.48
333, 22524, 1.34
334, 22204, 1.21
335, 21437, 1.03
336, 21897, 1.06
337, 22115, 1.03
338, 7172, -1.63
339, 19614, 0.54
340, 20348, 0.64
341, 20088, 0.54
342, 20006, 0.47
343, 20078, 0.44
344, 20348, 0.47
345, 19598, 0.27
346, 18826, 0.10
347, 22652, 0.99
348, 22028, 0.82
349, 21994, 0.76
350, 7195, -2.60
351, 20110, 0.30
352, 20727, 0.41
353, 20129, 0.28
354, 21428, 0.55
355, 8494, -2.93
356, 19738, 0.15
357, 12546, -1.54
358, 8682, -2.32
359, 5583, -2.73
360, 14987, -0.60
361, 8429, -1.84
362, 17789, 0.04
363, 17327, -0.05
364, 15517, -0.36
365, 18444, 0.23
366, 18637, 0.29
367, 18556, 0.30
368, 22573, 1.11
369, 8772, -1.78
370, 9429, -1.50
371, 15388, -0.25
372, 17656, 0.22
373, 11748, -0.91
374, 13094, -0.59
375, 10282, -1.10
376, 8562, -1.36
377, 14501, -0.15
378, 26058, 2.15
379, 22365, 1.34
380, 19985, 0.90
381, 20811, 1.00
382, 17477, 0.36
383, 18378, 0.55
384, 12374, -0.60
385, 11424, -0.74
386, 18012, 0.56
387, 15760, 0.12
388, 21624, 1.30
389, 16923, 0.25
390, 16855, 0.17
391, 6274, -2.21
392, 18907, 0.61
393, 16787, 0.14
394, 16062, -0.01
395, 17128, 0.22
396, 23021, 1.51
397, 22455, 1.31
398, 22043, 1.17
399, 21508, 1.07
400, 20500, 0.79
401, 17306, 0.04
402, 22097, 1.08
403, 21988, 1.00
404, 21879, 0.91
405, 21653, 0.81
406, 8361, -2.28
407, 20326, 0.45
408, 20388, 0.42
409, 20424, 0.50
410, 21757, 0.85
411, 21702, 0.81
412, 8450, -2.40
413, 16907, -0.26
414, 22060, 0.89
415, 17329, -0.23
416, 19830, 0.30
417, 20020, 0.33
418, 20159, 0.33
419, 20134, 0.34
420, 19998, 0.28
421, 21441, 0.60
422, 21997, 0.74
423, 20423, 0.25
424, 20406, 0.22
425, 19705, -0.02
426, 20417, 0.16
427, 20852, 0.32
428, 20736, 0.30
429, 20308, 0.19
430, 19771, 0.04
431, 20010, 0.12
432, 16426, -1.01
433, 7316, -3.74
434, 22231, 0.82
435, 16443, -0.67
436, 19302, 0.11
437, 3949, -4.52
438, 14429, -0.98
439, 20264, 0.40
440, 5724, -2.90
441, 4461, -2.75
442, 15587, -0.33
443, 13462, -0.80
444, 14208, -0.63
445, 20257, 0.58
446, 20391, 0.58
447, 20704, 0.64
448, 21548, 0.79
449, 12100, -1.01
450, 20422, 0.61
451, 20602, 0.64
452, 20211, 0.58
453, 22719, 1.07
454, 21729, 0.85
455, 10804, -1.19
456, 20240, 0.61
457, 17342, 0.08
458, 20671, 0.72
459, 20499, 0.68
460, 16927, 0.02
461, 21091, 0.81
462, 22151, 1.00
463, 16703, -0.04
464, 16705, -0.10
465, 20081, 0.59
466, 15579, -0.31
467, 8892, -1.59
468, 3651, -2.83
469, 3102, -2.57
470, 2087, -2.42
471, 10136, -0.99
472, 10840, -0.95
473, 20258, 0.69
474, 22120, 0.96
475, 22373, 0.95
476, 22073, 0.88
477, 22597, 0.95
478, 17055, 0.03
479, 20552, 0.63
480, 20229, 0.53
481, 20012, 0.50
482, 16974, -0.00
483, 16775, -0.02
484, 17526, 0.14
485, 19620, 0.53
486, 18586, 0.30
487, 16594, -0.03
488, 19299, 0.44
489, 20152, 0.60
490, 15590, -0.19
491, 22060, 0.95
492, 21954, 0.92
493, 8631, -1.40
494, 17809, 0.24
495, 19186, 0.46
496, 18164, 0.30
497, 16550, 0.01
498, 13239, -0.61
499, 16323, -0.14
500, 9088, -1.85
501, 19732, 0.51
502, 22238, 1.15
503, 8454, -2.89
504, 7287, -2.78
505, 12579, -1.17
506, 24018, 1.60
507, 8796, -1.96
508, 11174, -1.26
509, 21982, 1.16
510, 11641, -1.09
511, 25000, 1.84
512, 22318, 1.18
513, 10204, -1.31
514, 23507, 1.36
515, 12867, -0.73
516, 5953, -1.99
517, 10423, -1.01
518, 17776, 0.33
519, 13456, -0.42
520, 6790, -1.57
521, 17704, 0.41
522, 24836, 1.69
523, 16992, 0.30
524, 10191, -0.93
525, 16557, 0.22
526, 13222, -0.34
527, 22471, 1.30
528, 12239, -0.51
529, 12617, -0.44
530, 6636, -1.42
531, 13620, -0.23
532, 23325, 1.43
533, 28300, 2.24
534, 2459, -2.05
535, 8679, -1.00
536, 12192, -0.45
537, 10942, -0.59
538, 7233, -1.18
539, 10558, -0.64
540, 19506, 0.80
541, 14305, -0.05
542, 23233, 1.44
543, 29007, 2.35
544, 21288, 0.94
545, 12219, -0.39
546, 12369, -0.37
547, 18713, 0.57
548, 15813, 0.08
549, 16319, 0.17
550, 7041, -1.29
551, 2075, -2.07
552, 8146, -0.98
553, 13870, -0.06
554, 24957, 1.62
555, 13627, -0.15
556, 21795, 1.05
557, 9699, -0.74
558, 8605, -0.84
559, 18633, 0.62
560, 15969, 0.21
561, 16670, 0.27
562, 16844, 0.28
563, 22036, 1.09
564, 22254, 1.22
565, 19020, 0.63
566, 16336, 0.14
567, 22511, 1.15
568, 22265, 1.03
569, 21602, 0.86
570, 22211, 0.91
571, 22382, 0.91
572, 22058, 0.80
573, 18919, 0.29
574, 19118, 0.40
575, 19465, 0.48
576, 18901, 0.34
577, 19349, 0.39
578, 19591, 0.43
579, 18597, 0.22
580, 19219, 0.32
581, 19211, 0.26
582, 21861, 0.82
583, 22436, 0.95
584, 22454, 0.90
585, 21830, 0.77
586, 21980, 0.76
587, 18945, -0.13
588, 19713, 0.00
589, 19379, -0.35
590, 15815, -2.14
591, 9126, -5.44
592, 13954, -2.13
593, 20301, 0.19
594, 17339, -0.82
595, 17056, -0.86
596, 11391, -2.78
597, 8149, -3.48
598, 8784, -2.70
599, 4791, -3.33
600, 6434, -2.42
601, 2564, -2.92
602, 21078, 0.79
603, 6661, -1.78
604, 25765, 1.64
605, 32923, 2.73
606, 7968, -1.32
607, 13383, -0.45
608, 7632, -1.25
609, 10656, -0.74
610, 6311, -1.31
611, 4299, -1.50
612, 6398, -1.11
613, 6754, -0.99
614, 5279, -1.13
615, 3622, -1.28
616, 4941, -1.02
617, 4563, -1.01
618, 5889, -0.76
619, 5400, -0.77
620, 3476, -0.99
621, 3606, -0.91
622, 3908, -0.83
623, 5385, -0.58
624, 7101, -0.28
625, 7156, -0.23
626, 5876, -0.38
627, 4653, -0.54
628, 8130, 0.00
629, 8607, 0.08
630, 5880, -0.35
631, 5473, -0.41
632, 5575, -0.41
633, 7231, -0.09
634, 10134, 0.38
635, 13924, 1.27
636, 14138, 2.92
637, 9467, 0.91
638, 6607, -0.04
639, 9043, 0.88
640, 18155, 4.42
641, 10701, 1.11
642, 6827, -0.12
643, 3955, -0.98
644, 5556, -0.47
645, 7529, 0.11
646, 3482, -1.15
647, 10931, 1.09
648, 18805, 3.34
649, 4006, -0.98
650, 23441, 3.91
651, 5595, -0.61
652, 9556, 0.21
653, 9529, 0.16
654, 10439, 0.33
655, 7820, -0.26
656, 3292, -1.25
657, 14001, 1.08
658, 7667, -0.34
659, 6977, -0.48
660, 9231, 0.01
661, 16895, 1.62
662, 17828, 1.69
663, 5966, -0.83
664, 20874, 2.17
665, 17056, 1.24
666, 23408, 2.36
667, 27476, 2.82
668, 38630, 4.12
669, 21889, 1.15
670, 22480, 1.15
671, 8757, -0.51
672, 12926, -0.01
673, 34910, 2.60
674, 38475, 2.68
675, 44677, 2.97
676, 22092, 0.50
677, 23291, 0.56
678, 5980, -1.07
679, 16349, -0.07
680, 14183, -0.32
681, 19268, 0.19
682, 17332, -0.04
683, 19895, 0.18
684, 10182, -0.79
685, 4385, -1.36
686, 4539, -1.31
687, 9210, -0.87
688, 15419, -0.26
689, 12558, -0.56
690, 14629, -0.39
691, 11503, -0.72
692, 12719, -0.58
693, 22182, 0.38
694, 19712, 0.08
695, 17364, -0.15
696, 21002, 0.21
697, 19612, 0.08
698, 20004, 0.15
699, 22393, 0.50
700, 21882, 0.44
701, 19824, 0.21
702, 20256, 0.22
703, 19538, 0.11
704, 15747, -0.27
705, 22166, 0.67
706, 22283, 1.07
707, 10953, -1.03
708, 12479, -0.68
709, 8408, -1.57
710, 12569, -0.67
711, 11068, -0.94
712, 6722, -1.70
713, 11771, -0.65
714, 18332, 0.59
715, 20874, 1.01
716, 11177, -0.92
717, 10188, -1.25
718, 10764, -1.14
719, 10516, -1.14
720, 15853, -0.02
721, 13747, -0.46
722, 17658, 0.33
723, 18683, 0.51
724, 18680, 0.55
725, 12905, -0.68
726, 20740, 1.02
727, 13945, -0.42
728, 12138, -0.77
729, 9658, -1.26
730, 13336, -0.38
731, 13385, -0.31
732, 12840, -0.40
733, 16523, 0.53
734, 13614, -0.14
735, 12625, -0.37
736, 18006, 1.11
737, 13941, 0.08
738, 13531, -0.07
739, 16146, 0.67
740, 15688, 0.48
741, 8708, -1.62
742, 9530, -1.31
743, 18332, 1.26
744, 19523, 1.53
745, 15883, 0.42
746, 22051, 2.43
747, 21831, 2.09
748, 21868, 1.92
749, 20116, 1.28
750, 20274, 1.25
751, 17595, 0.46
752, 17014, 0.27
753, 21792, 1.56
754, 19690, 0.94
755, 15017, -0.28
756, 16590, 0.11
757, 19659, 0.97
758, 20429, 1.11
759, 20179, 0.97
760, 21738, 1.35
761, 21524, 1.20
762, 21779, 1.19
763, 20028, 0.64
764, 20626, 0.77
765, 20116, 0.57
766, 19983, 0.48
767, 20165, 0.51
768, 19985, 0.41
769, 21691, 0.88
770, 19834, 0.26
771, 19952, 0.26
772, 19600, 0.04
773, 19621, -0.12
774, 19316, -0.31
775, 19494, -0.21
776, 19793, -0.12
777, 19441, -0.30
778, 23126, 2.15
779, 22720, 1.77
780, 22573, 1.55
781, 13754, -3.59
782, 19896, -0.01
783, 19909, -0.05
784, 18045, -0.98
785, 9530, -5.26
786, 11578, -3.16
787, 14003, -1.90
788, 16601, -0.89
789, 13098, -1.97
790, 16985, -0.61
791, 12719, -1.87
792, 15955, -0.76
793, 12069, -1.85
794, 10422, -2.16
795, 19193, 0.39
796, 22911, 1.39
797, 15468, -0.61
798, 15389, -0.59
799, 13712, -0.98
800, 14759, -0.65
801, 12241, -1.26
802, 10936, -1.52
803, 12050, -1.12
804, 16577, 0.08
805, 16108, -0.01
806, 13567, -0.64
807, 14189, -0.43
808, 8850, -1.78
809, 7374, -2.08
810, 8652, -1.61
811, 21471, 2.02
812, 18045, 0.94
813, 20085, 1.52
814, 7343, -1.89
815, 17577, 0.90
816, 17271, 0.76
817, 17715, 0.83
818, 20475, 1.50
819, 17739, 0.74
820, 18296, 0.83
821, 17817, 0.70
822, 20903, 1.41
823, 16514, 0.29
824, 17596, 0.51
825, 10057, -1.38
826, 20599, 1.26
827, 21065, 1.43
828, 20304, 1.16
829, 15500, -0.04
830, 22605, 1.63
831, 22233, 1.42
832, 22102, 1.29
833, 17575, 0.20
834, 19970, 0.70
835, 17494, 0.11
836, 22385, 1.21
837, 21586, 0.95
838, 9554, -1.78
839, 22920, 1.19
840, 17070, -0.25
841, 22312, 1.04
842, 5441, -3.43
843, 12821, -1.17
844, 6038, -2.59
845, 13754, -0.86
846, 23536, 1.27
847, 22097, 0.90
848, 22193, 0.87
849, 13537, -0.91
850, 6163, -2.36
851, 14786, -0.50
852, 17171, -0.03
853, 21796, 0.85
854, 21768, 0.80
855, 19840, 0.42
856, 12298, -1.05
857, 20733, 0.58
858, 21645, 0.75
859, 20592, 0.55
860, 21994, 0.77
861, 22350, 0.85
862, 8595, -1.70
863, 21758, 0.79
864, 22196, 0.84
865, 17528, -0.00
866, 22306, 0.84
867, 10180, -1.30
868, 17333, 0.03
869, 11838, -1.00
870, 22659, 1.00
871, 15974, -0.22
872, 8976, -1.44
873, 8053, -1.68
874, 7818, -1.64
875, 23644, 1.20
876, 10057, -1.31
877, 32809, 2.84
878, 4710, -2.02
879, 17513, 0.12
880, 18827, 0.31
881, 22222, 0.80
882, 16400, -0.18
883, 17764, 0.05
884, 18339, 0.16
885, 16465, -0.12
886, 20830, 0.60
887, 20337, 0.48
888, 20042, 0.43
889, 17718, 0.06
890, 22743, 0.91
891, 22260, 0.82
892, 21549, 0.71
893, 20818, 0.53
894, 22130, 0.76
895, 21066, 0.58
896, 22219, 0.75
897, 22123, 0.74
898, 22208, 0.70
899, 21333, 0.51
900, 21869, 0.56
901, 20379, 0.31
902, 19939, 0.20
903, 21471, 0.43
904, 10569, -1.81
905, 14266, -1.13
906, 14422, -1.02
907, 17532, -0.43
908, 15778, -0.83
909, 10231, -3.10
910, 7292, -3.52
911, 7198, -2.91
912, 13841, -0.99
913, 12055, -1.36
914, 14331, -0.79
915, 11167, -1.43
916, 10624, -1.46
917, 16615, -0.14
918, 15373, -0.37
919, 13313, -0.76
920, 11043, -1.19
921, 10796, -1.16
922, 11856, -0.87
923, 14458, -0.28
924, 11726, -0.81
925, 16393, 0.25
926, 9951, -1.13
927, 14636, -0.01
928, 9005, -1.29
929, 19939, 1.47
930, 22530, 2.17
931, 13069, -0.22
932, 4757, -2.34
933, 12034, -0.30
934, 29613, 4.56
935, 22817, 1.97
936, 22377, 1.71
937, 20484, 1.23
938, 14604, 0.08
939, 22135, 1.51
940, 21483, 1.28
941, 22733, 1.43
942, 22261, 1.25
943, 22186, 1.16
944, 20990, 0.87
945, 22211, 1.04
946, 21285, 0.81
947, 14902, -0.39
948, 19598, 0.46
949, 17947, 0.14
950, 7927, -1.69
951, 5838, -2.00
952, 8808, -1.39
953, 4073, -2.12
954, 18393, 0.28
955, 23058, 0.97
956, 22151, 0.78
957, 22192, 0.73
958, 21048, 0.51
959, 21173, 0.49
960, 20835, 0.42
961, 21118, 0.48
962, 21700, 0.53
963, 21426, 0.44
964, 21496, 0.40
965, 20590, 0.31
966, 1393, -3.35
967, 5853, -2.04
968, 7993, -1.51
969, 20268, 0.42
970, 21956, 0.69
971, 20529, 0.47
972, 21416, 0.62
973, 20886, 0.54
974, 18143, 0.13
975, 17533, 0.05
976, 17705, 0.10
977, 6709, -1.60
978, 22233, 0.84
979, 17304, 0.08
980, 22603, 0.88
981, 7459, -1.49
982, 14821, -0.38
983, 11332, -0.98
984, 25214, 1.27
985, 22744, 0.79
986, 22250, 0.72
987, 17969, 0.01
988, 21312, 0.59
989, 21279, 0.58
990, 22003, 0.70
991, 19579, 0.29
992, 1050, -2.79
993, 5598, -1.73
994, 10809, -0.83
995, 27898, 1.69
996, 12860, -0.50
997, 14508, -0.35
998, 9898, -1.13
999, 10293, -1.10
1000, 22798, 0.93
1001, 22064, 0.81
1002, 13235, -0.58
1003, 21921, 0.82
1004, 13511, -0.50
1005, 19451, 0.45
1006, 14575, -0.31
1007, 14976, -0.24
1008, 4748, -1.93
1009, 14487, -0.26
1010, 9165, -1.06
1011, 17967, 0.35
1012, 11771, -0.67
1013, 22340, 1.01
1014, 22019, 0.89
1015, 21862, 0.90
1016, 21666, 0.88
1017, 22071, 0.95
1018, 22035, 0.91
1019, 21580, 0.83
1020, 22420, 0.96
1021, 21622, 0.83
1022, 21195, 0.75
1023, 16188, -0.15
1024, 15801, -0.29
1025, 16427, -0.21
1026, 22274, 1.03
1027, 22798, 1.07
1028, 16714, -0.21
1029, 12776, -1.09
1030, 15230, -0.61
1031, 16223, -0.35
1032, 16113, -0.33
1033, 14608, -0.69
1034, 21892, 0.99
1035, 22111, 0.97
1036, 21895, 0.89
1037, 22081, 0.88
1038, 21532, 0.70
1039, 13511, -1.41
1040, 22594, 0.96
1041, 22137, 0.81
1042, 22454, 0.86
1043, 22216, 0.74
1044, 21209, 0.43
1045, 22392, 0.81
1046, 21751, 0.61
1047, 21328, 0.47
1048, 21553, 0.55
1049, 21435, 0.52
1050, 21971, 0.69
1051, 22162, 0.76
1052, 22050, 0.72
1053, 21706, 0.60
1054, 22200, 0.70
1055, 21625, 0.47
1056, 21463, 0.37
1057, 21492, 0.39
1058, 21636, 0.45
1059, 22327, 0.64
1060, 21723, 0.37
1061, 21818, 0.35
1062, 22090, 0.42
1063, 21786, 0.21
1064, 22454, 0.55
1065, 21924, 0.19
1066, 21765, 0.10
1067, 21285, -0.21
1068, 21495, -0.06
1069, 17711, -2.51
1070, 12501, -11.07
1071, 20897, -0.27
1072, 21742, 0.21
1073, 20917, -0.22
1074, 20948, -0.18
1075, 22377, 0.61
1076, 8530, -6.99
1077, 18607, -0.76
1078, 20471, -0.09
1079, 20350, -0.12
1080, 16754, -1.33
1081, 21690, 0.40
1082, 21707, 0.41
1083, 21650, 0.39
1084, 21308, 0.28
1085, 21495, 0.36
1086, 20869, 0.15
1087, 21731, 0.44
1088, 21801, 0.46
1089, 21772, 0.45
1090, 14575, -1.96
1091, 22185, 0.64
1092, 23089, 0.92
1093, 22656, 0.77
1094, 22978, 0.86
1095, 8602, -3.64
1096, 19141, -0.18
1097, 22030, 0.61
1098, 22293, 0.67
1099, 22467, 0.70
1100, 8661, -2.94
1101, 16973, -0.69
1102, 911, -4.52
1103, 24593, 1.05
1104, 44553, 4.70
1105, 19157, -0.10
1106, 6919, -1.82
1107, 57371, 5.26
1108, 17200, -0.39
1109, 15706, -0.53
1110, 16424, -0.44
1111, 15834, -0.50
1112, 11923, -0.87
1113, 17380, -0.28
1114, 19298, -0.08
1115, 18229, -0.18
1116, 10265, -0.96
1117, 22059, 0.24
1118, 21939, 0.23
1119, 11176, -0.82
1120, 17567, -0.16
1121, 19205, -0.01
1122, 17974, -0.12
1123, 19135, 0.01
1124, 19087, 0.02
1125, 23064, 0.42
1126, 22968, 0.37
1127, 19732, 0.03
1128, 19206, -0.01
1129, 19255, 0.00
1130, 19016, -0.01
1131, 23385, 0.40
1132, 19201, -0.05
1133, 14642, -0.61
1134, 21859, 0.21
1135, 20935, 0.22
1136, 16953, -0.29
1137, 18621, -0.13
1138, 21687, 1.04
1139, 22172, 1.13
1140, 8498, -3.07
1141, 19925, 0.40
1142, 19222, 0.18
1143, 17542, -0.35
1144, 18237, -0.16
1145, 22284, 1.00
1146, 21999, 0.86
1147, 19032, -0.08
1148, 18649, -0.17
1149, 18685, -0.12
1150, 18769, -0.20
1151, 16867, -0.89
1152, 21978, 0.95
1153, 22538, 1.09
1154, 22006, 0.85
1155, 17456, -0.74
1156, 14582, -1.67
1157, 19610, 0.15
1158, 18434, -0.25
1159, 22266, 1.06
1160, 22253, 1.00
1161, 7015, -4.03
1162, 19108, 0.08
1163, 18964, 0.05
1164, 9005, -2.76
1165, 23424, 1.24
1166, 17745, -0.21
1167, 11011, -1.88
1168, 17943, -0.10
1169, 20236, 0.47
1170, 15244, -0.70
1171, 9769, -2.26
1172, 15606, -0.60
1173, 13782, -1.01
1174, 14513, -0.79
1175, 15618, -0.49
1176, 11404, -1.46
1177, 11172, -1.41
1178, 11171, -1.31
1179, 12466, -0.94
1180, 10577, -1.30
1181, 11184, -1.08
1182, 10788, -1.11
1183, 10662, -1.07
1184, 19746, 1.02
1185, 16333, 0.28
1186, 17438, 0.54
1187, 12997, -0.49
1188, 10644, -0.99
1189, 7354, -1.68
1190, 19608, 1.26
1191, 8511, -1.34
1192, 18964, 1.18
1193, 18394, 1.05
1194, 16926, 0.69
1195, 17129, 0.69
1196, 13649, -0.14
1197, 19558, 1.54
1198, 18913, 1.25
1199, 18805, 1.20
1200, 22358, 2.21
1201, 22000, 1.91
1202, 22083, 1.77
1203, 19302, 0.98
1204, 18849, 0.82
1205, 19248, 0.87
1206, 19781, 0.95
1207, 16970, 0.25
1208, 22087, 1.40
1209, 22383, 1.38
1210, 22329, 1.27
1211, 16628, -0.12
1212, 16667, -0.16
1213, 15691, -0.46
1214, 21880, 1.09
1215, 21661, 1.00
1216, 16964, -0.25
1217, 19395, 0.37
1218, 17289, -0.23
1219, 14287, -1.15
1220, 16951, -0.55
1221, 17160, -0.45
1222, 16814, -0.82
1223, 28490, 3.97
1224, 17323, -0.58
1225, 15676, -1.14
1226, 20465, 0.47
1227, 14457, -1.67
1228, 17446, -0.55
1229, 21991, 0.97
1230, 37626, 6.01
1231, 17614, -0.46
1232, 19123, -0.09
1233, 18303, -0.25
1234, 17300, -0.47
1235, 18927, -0.09
1236, 21975, 0.59
1237, 21658, 0.50
1238, 18854, -0.16
1239, 18975, -0.10
1240, 18769, -0.13
1241, 19286, 0.02
1242, 21300, 0.46
1243, 22023, 0.59
1244, 18264, -0.32
1245, 18819, -0.17
1246, 18920, -0.12
1247, 19046, -0.11
1248, 30730, 2.62
1249, 19747, -0.04
1250, 18851, -0.28
1251, 19168, -0.23
1252, 17159, -0.69
1253, 30941, 2.36
1254, 18662, -0.36
1255, 19225, -0.25
1256, 18626, -0.41
1257, 22010, 0.34
1258, 21922, 0.27
1259, 18872, -0.45
1260, 18419, -0.53
1261, 19050, -0.34
1262, 16465, -1.18
1263, 16628, -1.07
1264, 8470, -3.55
1265, 8906, -2.82
1266, 14456, -1.15
